Possible opponents cells:
2 1
13 4
9 10
1 6
10 7
6 4
10 13
6 0
9 8
8 8
6 6
3 4
0 11
7 2
10 3
2 7
9 5
4 3
0 13
11 14
14 13
8 13
14 12
7 6
10 14
0 12
11 1
2 0
10 10
14 5
1 0
4 0
10 8
11 10
1 7
14 0
4 10
5 8
7 7
1 5
12 3
10 2
12 14
12 13
5 5
0 8
10 4
9 13
5 3
0 0
12 2
2 6
0 2
3 5
13 5
5 11
7 11
3 7
4 7
12 9
0 9
5 0
1 4
8 11
12 6
1 1
11 8
1 2
9 1
10 1
0 5
14 7
12 12
9 11
3 3
13 3
0 7
7 14
13 7
9 0
0 4
5 12
10 12
5 6
6 7
9 7
3 11
11 4
14 3
8 10
10 6
13 14
13 1
11 12
2 4
5 9
12 4
11 0
1 11
6 3
5 4
6 1
13 12
0 6
6 5
2 3
12 1
9 9
7 13
6 11
0 10
10 5
9 6
4 5
10 11
14 1
14 8
14 11
8 12
8 14
9 2
4 8
3 9
6 14
2 10
8 2
13 13
7 12
6 8
12 7
13 0
4 11
10 0
4 9
2 11
8 3
1 10
5 10
2 5
0 1
4 4
14 6
3 6
13 11
12 0
2 9
12 11
11 7
5 7
13 10
2 2
9 4
8 6
12 10
13 6
8 7
1 3
2 8
14 2
10 9
13 8
6 13
11 2
3 1
7 8
12 8
12 5
11 6
1 9
0 3
11 5
11 3
9 14
11 13
9 12
3 2
11 11
4 6
11 9
1 8
3 10
14 14
6 12
0 14
3 8
9 3
6 2
14 4
7 3
13 2
13 9
8 9
3 0
